50
71965081026
(92)4235-11606
79170207
4851770483
27808555862
(57)8767-1385
(92)7153-7033
389563590
92228179
28079291
60259796
4196925920
14144146
4128885570
50908576301
247405823
95334638
925678296855566
5391502
90126216
(92)9313-42
64629485
3096045457
05643417
(20)5935-83873
960299782
8147336711
92244791
(92)7704-7625221
194479662
742092277
588602326
(98)3293-27780
513948136
99347
787288746
99678747
619594129
(87)5023-40813
929157430
(53)2010-19518
(92)0270-7679
91904573914233
06576189
982705582
(92)9854-14197
941116313
57581825
961660023
975788503
