10 0
778171 241929 882626 608435 359825 947680 96320 140787 603640 350014 893908 608402 341500 72988 117652 -1
92126 773052 155433 699875 376087 960390 307670 166773 868271 319965 553326 825402 417945 13713 794035 -1
659706 208935 644690 14755 207870 830101 985203 45271 885970 288394 357122 771082 857581 526247 542714 -1
265298 261895 953533 555186 392061 354899 806097 598944 258226 309057 23567 399452 991323 408267 241928 -1
291131 52146 155219 425467 868118 63013 435644 975432 751727 730473 924520 59198 152098 832351 579664 -1
761839 409395 922535 89552 513847 592848 283860 632821 622769 397903 465214 294930 474828 13081 614359 -1
245270 652647 794176 800994 970431 566379 369211 672478 789291 526687 155 110004 201388 217428 908691 -1
133971 562974 243637 348333 392418 563281 19552 185993 868579 924933 398716 419669 454220 694415 191427 -1
988942 310680 81970 111129 996250 590986 282476 289059 896550 993362 197518 964195 960149 135862 171833 -1
198182 969763 510907 500936 932649 678656 521884 597095 170833 962596 975279 880521 910261 370076 495709 -1