12 1
670488 116740 6815 777573 288390 256788 234054 146317 171340 107474 -1
709571 776647 935519 171340 91162 619177 442418 33327 6815 98247 -1
229259 243963 529904 631263 6815 171340 208497 750801 681454 735393 -1
171340 439899 231149 471030 617890 291705 848750 911528 6815 795668 -1
844963 167415 732053 171340 356779 291370 6815 225773 800582 352945 -1
171340 6815 398383 101415 376418 888663 360664 633053 277371 846336 -1
6815 765180 481742 562276 130890 171340 396923 82628 578857 307420 -1
869694 659177 648565 928464 903566 379202 171340 201630 738798 6815 -1
6815 693385 238969 810621 171340 83668 896866 244099 908574 105908 -1
398592 171340 475436 666564 874629 382555 6815 388163 372529 219685 -1
702730 279947 735912 171340 716752 679515 6815 638721 665823 179452 -1
560087 764545 256703 6815 484715 397888 283061 970343 671089 6815 -1