13 0
645164 210117 771809 836122 450451 152975 43327 327377 676471 897806 930092 196904 342981 441388 103475 -1
967161 547317 130401 753214 561792 416724 983061 548735 417030 42371 182837 87169 585415 257465 17526 -1
732674 314482 581201 337490 928645 510648 150020 963699 602912 705228 394930 879479 903108 260109 470389 -1
691908 991356 18935 801571 264519 108123 523953 903986 167617 580645 840999 979297 565816 698051 228154 -1
171108 216554 789241 373607 187589 151975 356996 514795 857549 528892 557948 535367 934478 786415 630098 -1
265663 927786 951517 469379 432123 662355 498053 403551 255863 638084 173932 3791 123493 273395 997773 -1
902841 621985 205446 115077 886657 752980 903147 219795 258305 836852 566882 569458 370294 664008 598679 -1
758448 857982 807447 711618 350624 93660 310856 850389 207653 438453 61870 871744 660200 648977 144182 -1
105809 639235 611077 879812 67625 103355 32310 108379 427271 40585 537445 933424 859160 351857 378569 -1
292770 987271 451311 75534 475648 471154 499845 48707 335247 201190 593605 116581 292137 280378 991090 -1
933966 370674 887266 142523 321464 214811 35639 808852 261947 959869 114647 262656 415093 914479 768443 -1
969322 388745 110253 315498 881499 352810 211 82432 75406 982308 240954 885937 547865 75395 51388 -1
89415 959939 865811 679017 744555 392418 40786 248141 752228 16926 191059 49336 533331 268887 367467 -1