11 1
391867 552938 999655 199329 106410 708664 651048 -1
881271 497487 924382 134967 751388 42126 203497 -1
276392 161423 657097 799271 985912 912973 482903 -1
791179 661922 430568 701243 336133 160918 106506 -1
832949 253722 902571 728749 36054 719988 709632 -1
478429 590514 271078 210667 927864 385967 414885 -1
954354 990590 175474 883400 507867 543093 644177 -1
502103 567227 57844 805459 300466 32599 949825 -1
805846 661898 211155 930738 735579 548017 380421 -1
649167 476858 421031 940343 443143 896122 955086 -1
422031 273586 940506 36682 390668 830110 347684 -1