15 0
916090 263362 983461 864800 941405 831632 851589 996788 145929 257800 271187 550158 417561 306752 710753 801158 -1
688565 179865 440499 382049 316163 67021 727984 405906 332388 257195 849180 338951 766574 66063 423213 379592 -1
671273 706192 196475 932468 892873 335077 291801 555978 972364 193541 160774 963290 169568 823208 284149 806287 -1
373331 701855 824171 632999 480004 782149 330337 422876 11325 976792 419230 888529 856764 858768 440555 240869 -1
51012 272782 312857 992570 163398 253634 539512 367375 963758 172735 991841 143303 463026 592855 908518 843168 -1
698567 535368 308687 438520 55849 478121 329300 52686 846991 636555 583843 609638 789842 464541 447766 446459 -1
507674 66607 85655 100636 819666 346482 942655 699737 540440 160290 741469 369180 157367 967156 590526 360614 -1
50857 153077 908192 346809 228341 18907 772355 993870 482091 599939 277494 958017 819559 535319 310580 370435 -1
824770 719263 618782 424156 104713 131984 895898 748087 227988 50560 872044 522673 53282 775745 832142 520469 -1
703668 26165 764877 485389 456824 894870 117474 671660 809507 994928 631004 479628 117168 806432 387440 83354 -1
32296 984335 474363 557674 725302 250503 203848 300087 354565 268878 905215 815953 548945 380993 499598 507740 -1
48538 80559 802825 695148 320797 433496 686726 471515 852134 101337 304556 832311 929137 232051 969399 910771 -1
87399 713946 419038 694242 40304 61134 685489 383402 144369 897236 75452 186509 732287 885422 973843 51077 -1
920758 422653 78157 135015 7378 584507 240613 898232 626302 101295 34476 98565 106566 544807 512667 682241 -1
930415 161774 209064 134938 111499 708512 603858 437763 774147 801432 398969 940016 635090 880365 447712 841077 -1