10 0
808035 5000 269275 171689 495187 425762 672062 213452 682272 223158 -1
670692 5000 585419 223158 733454 897828 594148 697385 670384 74333 -1
835355 607668 375740 223158 5000 563326 912743 216236 548273 591167 -1
5000 963334 350784 5000 574151 236905 963433 553530 657677 922994 -1
624834 675295 795272 291582 711551 787038 585944 5000 294128 223158 -1
261409 835520 491708 445868 956484 544576 356097 5000 349476 656351 -1
724174 397438 834893 605269 873739 223158 696685 795385 627771 5000 -1
5000 206684 409772 300138 896944 311386 600880 223158 402207 627052 -1
183417 883104 746750 223158 5000 569354 899712 559131 392511 225832 -1
836746 236204 975178 974073 239136 847545 600327 230083 5000 921006 -1