12 1
670488 116740 380202 777573 288390 256788 234054 -1
146317 772247 10 709571 776647 935519 571859 -1
91162 619177 442418 33327 56 98247 229259 -1
243963 529904 631263 66 588509 208497 750801 -1
681454 735393 571413 439899 659 471030 617890 -1
291705 848750 911528 6815 795668 844963 167415 -1
732053 443144 356779 291370 150 225773 800582 -1
352945 107176 97252 398383 101415 376418 888663 -1
360664 633053 277371 846336 45562 765180 481742 -1
562276 130890 967097 396923 82628 578857 307420 -1
869694 659177 648565 928464 903566 365 605398 -1
201630 738798 72934 48051 693385 238969 810621 -1