10 1
496371 747660 788278 471176 598 630472 289574 371476 992100 253201 143708 411499 989418 753214 221076 642240 903417 745342 305295 844282 -1
298030 596013 889216 696053 552084 873313 573680 204533 991443 801870 73258 964068 213963 794322 149341 686680 173193 237226 290693 142304 -1
461098 415259 871775 929738 813598 918301 225882 738937 516516 179637 68951 204682 276933 637202 862094 517826 759618 526968 172191 679673 -1
660305 818834 817461 180701 984190 791183 572952 980549 824032 538623 942845 559230 457964 891942 555450 606458 263257 801563 382742 842382 -1
61052 576612 335974 455211 23134 908802 566605 362188 127203 278069 277015 49582 304885 246328 474518 221351 48526 373013 721835 209083 -1
349984 642232 565309 127900 203801 675667 772130 181701 364542 544635 421920 286175 722569 382870 61118 175736 385204 790586 257885 93720 -1
391764 351296 930179 582338 618693 461006 138111 885026 326999 611652 55637 859409 509381 485134 592403 38162 540324 197984 994463 782834 -1
743483 409009 888472 976011 387464 846962 223662 85141 52297 853759 413192 866784 57461 22264 278432 965198 155557 472559 128911 441619 -1
259200 715674 427358 624051 168414 110123 727893 841953 542746 927701 764790 778955 738722 247345 298089 125966 781471 996766 707153 370464 -1
844064 353875 73580 365137 584808 47852 204943 26213 521217 818231 751396 335373 929626 368401 15507 613232 899970 999986 761992 248229 -1