15 0
847140 735718 719045 671189 660704 357952 263042 432741 326885 366144 687159 15374 215112 433714 -1
139863 125715 78364 351483 957732 802972 63181 900161 920303 921870 794268 69607 677220 941207 -1
320660 536847 956827 263162 115862 666328 556340 832186 696290 236051 608284 221769 663122 577111 -1
293295 912825 985235 637126 852267 664247 849656 621724 463745 323589 204509 237715 707293 757304 -1
510629 274089 977039 832038 510220 913707 355858 784846 799067 920759 796207 753478 388691 152716 -1
471956 856521 259373 208094 115579 523995 930742 774988 724492 353862 778640 907682 25848 965925 -1
397987 908929 756549 721790 896142 788558 575699 405793 905219 788902 78119 897198 714339 654956 -1
648687 51231 198205 217075 573613 313150 692361 274406 322925 533688 943181 833152 720792 205509 -1
886667 745697 25031 898218 39624 664166 126174 186576 899504 494453 134221 550354 94580 585904 -1
771046 547605 374855 377395 50174 4380 813185 428736 169235 471153 611937 672493 593887 776617 -1
812423 779097 227850 187110 221170 788366 876535 632929 84827 447909 81420 71866 363035 995995 -1
80717 390559 274297 621632 477896 165434 979975 69123 568770 770517 569040 898761 946868 897770 -1
878636 831478 699244 3453 718761 263048 850828 213633 927338 462132 216831 221728 986312 645406 -1
61165 918950 622105 710580 383132 890970 611064 303545 698388 786394 62645 351391 328124 418917 -1
88633 968833 377093 830122 615724 483421 775908 662160 798588 698045 431905 189696 739062 921127 -1