14 1
264426 231160 359252 683838 319865 570672 61271 915553 644740 770490 464809 203552 751550 800254 224537 -1
359356 257209 440476 839093 881455 811020 835665 862326 77803 934088 486527 690394 959634 64651 290399 -1
326178 130233 84884 748561 113654 121246 463995 841868 324542 690203 971105 371288 73043 374484 614412 -1
383890 8221 633597 781822 36292 563091 944212 358138 562239 241212 796363 508438 112857 673453 693412 -1
829917 951522 135955 311099 680772 688553 514370 566694 549811 593681 22477 491233 819866 503065 330543 -1
880699 420746 594078 293742 707602 482738 352372 845014 388632 225441 260294 267845 849260 426017 40632 -1
21708 486003 989598 509871 361506 792767 372290 677022 770591 777364 719812 196026 470953 355518 648966 -1
72862 641522 128831 243540 153479 200004 339120 198122 137132 234953 627404 890879 68489 392604 268913 -1
595652 350810 468420 555636 222787 355877 612155 519186 802430 598498 152479 180494 595111 510955 755188 -1
27070 191596 724847 713479 698027 117105 992772 475187 804314 107682 174048 401925 244987 99827 199134 -1
102058 121750 500086 686911 644934 435811 502287 969507 476225 311446 960732 137886 975812 171861 68970 -1
355907 412859 412174 893918 485991 965543 811740 691221 215458 838238 731083 131901 737481 51593 587836 -1
722665 146380 86281 279391 103872 195988 567357 554660 859244 128653 326063 432212 147157 474956 438097 -1
133754 512924 82113 55114 189013 505210 900526 102138 545770 465101 641724 165850 303834 378458 728404 -1