12 0
100739 647625 221236 239177 745926 417234 680321 566635 983595 999768 -1
924166 505938 290876 294021 738597 74456 935083 484456 528994 919331 -1
226790 838151 161661 175528 89722 11843 321044 480244 52532 383337 -1
18150 34502 219037 814837 263892 427624 457244 877704 801948 138622 -1
772538 399779 272501 521209 777221 140166 966476 685845 667701 748685 -1
101249 426333 283062 386339 184602 194954 967151 894809 475565 182759 -1
91007 458217 888213 314022 541184 542055 477599 646017 285727 226735 -1
511036 156853 802580 624325 833565 203100 479077 424306 436370 51453 -1
46863 24607 561269 461228 668136 106855 94264 952694 475875 262048 -1
433413 605443 543346 41929 270847 353657 7071 489030 458770 583729 -1
78188 938279 875527 843596 712465 421740 907713 510365 198371 450422 -1
329957 899643 552678 815912 554438 248211 220236 833429 608175 483601 -1