10 0
749688 536120 839679 863798 835085 592211 895710 844109 878766 512241 -1
421001 254400 303694 271207 979741 88921 972509 466950 232736 513241 -1
998598 729301 304969 96975 616431 765881 475795 461979 720958 838221 -1
587596 826248 222750 598646 913833 421540 130004 966209 385566 601945 -1
364849 349044 5187 803476 471599 305992 832827 737202 506965 41898 -1
952174 411516 661206 202186 181527 537457 145286 787213 364120 7531 -1
985378 840535 404657 204993 960435 226886 527146 867951 831391 866903 -1
326997 84037 649103 920796 32231 742783 800263 670844 674973 733826 -1
885185 329950 433524 483050 588964 578446 640250 557943 809266 10872 -1
632337 18446 169840 470910 697825 505364 641739 383722 660845 991026 -1