10 0
923876 538682 999661 282978 466689 309603 97777 708915 178070 396238 -1
124764 239452 533906 98266 108143 800699 935830 286240 944718 775288 -1
677355 797961 562086 768183 794160 40193 455545 312249 22111 952151 -1
97393 450538 846742 237930 904644 406156 565700 130952 587036 564349 -1
188508 452914 445691 626664 888041 529105 905491 532349 670714 212931 -1
893333 387316 292581 723941 73762 189508 278444 57299 7293 960646 -1
403510 67890 184980 333856 132209 192523 213322 694894 424853 778979 -1
700222 422093 196979 409599 155212 996772 763722 648696 468931 587153 -1
817172 901927 529382 144530 469653 890342 251964 31402 770039 755677 -1
958936 636681 960701 801922 53517 913042 865110 115637 39814 69604 -1