15 1
251559 940770 769198 947861 591462 344245 976031 149003 207783 498926 208688 845366 572482 -1
245514 489650 341613 203975 442396 168393 643035 325764 261577 601218 544711 325422 636146 -1
170313 884904 808309 884841 426937 497040 380518 465835 57545 292939 964240 37963 95283 -1
781717 53839 811372 682006 123412 323908 730143 839404 258260 964906 26202 644038 323209 -1
24761 887738 344891 996141 208819 198020 487316 441431 817808 845801 584812 656187 246680 -1
375831 923433 350429 261678 60702 690390 179573 834185 855204 428913 745222 521658 447397 -1
875647 187755 690365 347532 609075 867244 336988 105721 357274 823354 360872 996289 992215 -1
889692 33807 36890 664750 656711 680869 696959 570122 184801 677496 635136 239835 72816 -1
755208 624622 949360 978386 137268 370742 46756 642106 355504 566617 25865 212900 455115 -1
625204 401132 235782 675667 964864 945083 39793 273997 759605 888024 57564 351201 355288 -1
276003 548541 890573 563986 395707 638271 600157 593346 503809 250559 621742 424691 571813 -1
715095 528096 748511 338925 481602 664660 324712 983285 403390 416141 134719 965334 243152 -1
228364 529498 417351 123579 135772 250607 187688 549085 171424 861815 568838 54882 366552 -1
991371 102367 230155 60676 131795 198831 680033 456611 556281 351750 501038 339132 895279 -1
667383 295602 432865 16775 759262 175454 80052 286530 6539 963195 139382 333139 955554 -1