20 0
165224 841873 423207 169344 998824 684746 860758 255673 972194 573270 -1
14951 150603 345851 497444 985984 515256 855988 201093 836457 980024 -1
180213 90101 784355 535995 806444 513033 39988 594132 438601 334726 -1
287418 28175 666784 202520 703780 897866 489461 554860 167428 473522 -1
187562 405634 85709 47807 449049 815588 241000 772498 908478 361267 -1
304047 883041 646829 674907 41796 668105 831924 752060 517660 658639 -1
592213 578909 892661 692217 813561 695604 994796 482642 415355 100033 -1
105776 273729 78229 707541 181763 527424 994430 829190 161804 929818 -1
439927 667707 623133 389984 588837 698709 333114 943016 642214 108662 -1
315418 329806 661219 932359 351955 486445 715893 712057 133660 897206 -1
533344 463494 199156 724291 368224 811122 467160 279304 874732 198156 -1
647250 239389 659523 35839 141888 9729 716716 584044 436899 347911 -1
635624 158079 723482 362432 572415 450715 892533 792913 429982 871247 -1
617787 76370 616361 698535 923799 587287 24455 611964 941452 71390 -1
103738 36451 40262 694688 166529 290651 67748 645039 324939 428565 -1
61328 923293 267360 343109 97161 347920 902188 224949 563513 268296 -1
466058 94606 368830 177405 8620 361427 42249 253705 777321 33947 -1
610047 561599 430723 863953 208426 236900 21880 145804 362518 413925 -1
596009 948083 997816 62500 187076 548050 682493 394379 180025 705197 -1
753783 392472 362782 83545 493048 549003 103706 969745 981731 293872 -1