16 1
346089 924026 775141 523110 619874 545081 890234 954079 105252 912107 69349 86190 462574 343128 323446 -1
368636 933408 136002 388798 545595 316494 177915 14895 688366 906968 205143 583048 161384 328492 24876 -1
943319 426184 166733 550878 402736 420481 508680 85184 433523 195276 216961 499217 702040 136068 135334 -1
350509 897280 147384 329659 627586 250458 109741 462384 81734 736152 873594 437916 886173 569300 445005 -1
532127 35291 263755 543072 532204 488280 84011 383268 684015 537720 345831 10929 496796 686929 436127 -1
520282 304820 905106 182162 897094 454444 653248 907864 309079 388268 515278 109696 183519 725435 476725 -1
409763 144412 553404 90797 178323 185752 959457 84691 213373 149007 281807 557689 778282 246645 430199 -1
285095 865891 566728 359858 664107 123238 780521 711935 686994 88927 961424 36540 786389 268211 832718 -1
943013 4422 427582 451382 640443 558647 94744 210849 620883 798406 500656 195686 107861 143789 792082 -1
191233 552598 983118 319052 61876 268860 650257 344400 988237 52867 44721 10463 677663 500325 845540 -1
953465 983122 649782 580297 748615 504376 829117 1108 754011 665062 897589 724119 735848 636837 339333 -1
270955 9536 284011 619250 680412 599609 204432 35384 403565 346012 267071 52097 33907 139405 313224 -1
890510 756310 617651 453024 900444 70930 87528 644289 636866 86438 558293 137658 210656 154218 49406 -1
921316 662353 187075 244900 940261 557583 680146 451489 34938 23144 324921 664797 110344 956835 877653 -1
678322 555935 939794 597011 384767 991478 167184 488614 878059 578324 8184 72807 307180 303838 671956 -1
110696 721128 990361 220233 704073 66173 401739 94109 223904 185177 523530 727230 340656 796856 970486 -1