10 1
137191 451192 728644 649336 968219 501126 216539 750120 839895 292460 545442 502447 195596 22001 282658 -1
364931 634965 975885 542511 810926 82166 330615 186510 633086 218201 56258 110326 740623 964418 298306 -1
491013 143178 610766 5997 852585 480797 852879 824452 15258 455247 674021 641143 187740 419412 919619 -1
817774 840696 212875 212848 815510 64275 57640 459928 147564 991092 555162 437109 761874 690292 404127 -1
182782 299827 201707 933222 380982 412161 118321 864949 46626 742064 672462 980668 732175 548011 736633 -1
226068 427163 387070 14120 898916 115999 199790 981596 175083 266102 618933 321879 782178 956570 973473 -1
785743 950467 205950 44565 667178 334044 293015 127780 564044 771489 558260 598555 573884 145794 459959 -1
470422 324870 950490 506204 726008 613096 511148 146085 162674 801627 235648 49181 29427 712994 248717 -1
21544 836110 276550 464329 620071 31711 426299 90155 156070 943118 715893 897848 56794 284826 331476 -1
671017 366484 338643 952729 779901 155070 233403 439631 589413 584380 439349 854195 821039 648071 453133 -1