10 1
838323 951823 245047 358335 237087 453878 719067 882660 753835 368770 958418 184084 -1
838763 963685 271006 976753 484554 752355 406995 34273 885002 425597 136533 905306 -1
381466 167374 394812 723342 368256 236210 562435 304053 267074 749816 990578 375889 -1
205430 830272 273197 150997 995235 635091 341876 994346 245385 263369 645250 565146 -1
900434 287396 423753 157606 913817 860583 891598 19627 655658 899568 39841 65029 -1
727620 259180 892496 91675 504894 629036 67868 937591 367925 755635 147445 172672 -1
147311 206497 21009 715377 17807 484484 93712 629683 792032 398361 447760 517049 -1
932001 107100 262740 227380 62243 34401 713223 584248 399501 222013 786004 820768 -1
564929 764834 100201 631191 296236 114992 348544 875719 361530 322953 451591 244069 -1
413105 804697 55040 437044 262926 631811 779302 946485 662577 349880 958358 131674 -1