15 0
1424 987 110 867 659 596 798 82 1307 438 1164 190 -1
153 2382 1220 2061 1895 1695 659 2152 1842 1652 1648 1266 -1
602 659 744 1187 2 1919 2399 2070 1175 2412 848 958 -1
1128 2122 221 575 452 659 1867 282 563 1181 1554 450 -1
2404 2303 204 507 55 1433 297 916 1954 659 1374 894 -1
70 87 479 2081 209 623 875 659 351 1382 2167 1484 -1
2266 707 1508 659 947 1533 1237 2034 415 1335 2213 1127 -1
1072 330 942 1008 412 2440 1329 507 2397 356 180 659 -1
1961 659 1357 1274 1915 673 1612 894 2473 1784 1517 2109 -1
1978 1121 1796 153 1112 1456 659 1831 1848 913 1379 782 -1
688 185 1929 659 1894 559 805 624 856 424 248 1363 -1
2282 430 2245 563 1923 2479 1206 1121 736 659 2414 2299 -1
359 2105 500 287 2136 160 852 659 2095 524 1647 2344 -1
1144 336 659 1272 568 2475 1098 368 736 871 884 2215 -1
1601 1088 659 2092 895 2497 1653 750 1738 570 1718 1116 -1