14 1
962 468 1094 1577 1980 1730 1536 1080 252 513 2088 1633 2069 911 249 -1
1693 2343 1761 109 232 434 408 1274 752 1282 1735 1281 734 1880 1618 -1
2054 1356 1196 2087 352 158 2386 220 1364 1107 757 1587 1224 1547 357 -1
1006 1876 329 1912 2356 918 1948 1231 2293 541 947 2142 1679 1784 42 -1
2041 1585 1543 2309 1281 1416 371 433 259 184 785 1519 1695 765 1010 -1
1705 1826 941 2470 1652 21 350 116 1835 743 347 1527 2137 451 1571 -1
1289 193 2409 378 820 1817 3 47 774 1105 233 885 1825 1548 2185 -1
657 1292 1115 2066 535 253 2361 2105 1603 1163 2398 1669 1683 1309 1740 -1
2434 356 147 2344 1377 1813 1938 1514 1106 2175 1708 584 2199 1593 1822 -1
1522 829 2417 1845 1876 324 255 849 2336 1977 463 1397 2079 656 59 -1
817 1752 319 1280 1119 2145 1738 663 801 2097 1140 2395 1735 1455 2311 -1
1883 838 164 890 1911 1511 1526 246 10 2495 1529 227 2171 1873 1034 -1
681 1719 1555 543 1191 883 834 1452 587 2472 1878 800 1584 2341 1856 -1
427 590 137 213 1256 210 902 2258 1543 1825 742 2422 1804 1962 2246 -1