10 1
2477 1579 2143 1623 1507 1997 1700 1990 12 1612 348 50 528 1420 -1
1215 50 1265 252 2288 2286 1693 618 551 12 50 1003 1298 649 -1
2478 1912 1004 918 152 2491 1919 50 666 12 1151 2005 2090 2135 -1
2010 1137 1314 1187 2064 50 2045 2442 1928 12 256 1103 1686 1531 -1
2289 1776 2022 137 50 1252 12 1760 864 1859 918 547 2276 1865 -1
849 2479 1698 1383 12 1089 683 993 1204 50 183 1993 428 2026 -1
2452 2393 519 2134 50 2444 1238 1985 12 1098 890 324 720 2441 -1
482 2323 1522 1349 570 426 2257 563 50 492 420 12 948 2390 -1
12 1868 2090 865 50 70 854 1316 896 1709 2017 202 1769 1684 -1
109 2073 2422 1831 12 1136 536 50 1611 2329 140 2066 1224 2236 -1