10 1
628 1812 412 2119 1599 1858 1738 1321 1353 1639 1608 973 1029 578 2012 525 239 2074 1414 2103 -1
430 2191 1271 2306 1921 537 934 154 781 1455 61 634 277 2099 555 1976 2072 992 245 1268 -1
1506 1035 1141 300 118 1067 770 1481 2170 967 1990 2456 1309 277 1930 2095 2123 1063 2229 1770 -1
2399 1965 1993 329 1424 2108 675 1511 1496 229 2002 1927 354 113 1040 1704 2306 1540 765 776 -1
2017 1915 2166 1088 1464 265 773 1516 241 896 2197 1863 2163 1699 1216 2384 1320 594 705 1117 -1
1998 1420 1304 350 903 623 2069 1048 2441 547 1435 1593 222 1316 1948 495 239 2375 453 1796 -1
2297 1581 768 993 2445 1128 381 1219 988 1653 321 1416 644 921 1263 1701 2384 1475 570 2245 -1
47 2394 1848 468 952 536 2168 855 1583 1483 568 1368 649 2477 1776 980 1942 1745 2461 397 -1
1453 47 389 368 286 1929 1300 668 95 1761 2410 1968 671 1883 546 301 1975 1907 246 948 -1
1935 2167 756 1065 940 142 2326 2312 85 1885 594 576 75 91 881 1548 1433 1927 839 1558 -1