20 0
1602 1156 1822 1198 693 1385 1366 2161 497 1798 724 -1
2496 1411 491 1313 2164 2179 1212 1048 297 1363 1174 -1
1659 2489 413 812 2114 178 139 302 286 2443 1448 -1
1423 986 125 597 1438 1545 1072 2378 1705 1693 492 -1
11 1219 2481 1316 378 1607 1283 2172 1182 1267 1486 -1
1979 1270 2164 405 1529 922 2447 1368 977 1160 1357 -1
1763 831 1407 844 1416 2080 580 1799 1551 142 1849 -1
75 811 858 1780 1793 663 180 881 25 1684 452 -1
153 267 831 1961 2267 1700 1599 2403 1824 1518 1704 -1
805 374 1389 490 1230 944 1204 209 1761 1898 83 -1
1208 1447 1316 337 1976 167 1809 538 1667 450 2487 -1
751 1433 673 1484 2425 2462 748 1411 678 1169 1409 -1
2134 492 1618 189 2176 1155 268 1473 1662 1599 116 -1
1101 2037 1940 1412 1594 2483 1606 822 2007 1293 2481 -1
2303 1426 1618 326 1070 896 1578 2127 1922 755 564 -1
571 995 308 616 1345 845 1901 522 2274 2039 585 -1
568 1691 889 183 131 79 2099 1116 2469 1345 202 -1
632 28 2286 814 596 378 258 1977 217 1779 2048 -1
60 1710 897 128 1103 337 1894 1091 874 272 1962 -1
2063 1308 2085 1218 2065 43 1576 918 2114 1575 11 -1