10 0
2414 2120 1567 850 2098 210 220 1476 888 474 716 549 1702 449 2437 1082 846 73 1537 -1
1280 1523 938 27 493 2440 371 1614 2140 414 669 2417 1381 1244 1634 82 1268 987 1192 -1
1789 1501 327 1836 2062 26 1419 375 1587 1886 726 1933 1529 885 167 2400 1726 869 522 -1
2192 870 1907 2274 1877 919 1533 111 460 1240 1758 1681 208 2405 1935 1184 941 323 17 -1
1807 1646 1966 2396 2000 2498 1128 2060 2227 868 441 1656 197 2385 1585 2289 88 1590 1649 -1
2415 560 743 1669 2149 742 2144 1721 937 1057 2017 20 1212 1777 1655 1733 722 2398 2444 -1
941 1358 2274 889 2394 16 2216 543 2466 1929 1860 516 1557 808 2142 761 367 195 1045 -1
1178 1853 2450 852 1636 835 2177 907 623 1115 1149 1612 339 2088 1272 866 1356 1783 758 -1
1154 2048 2254 1639 407 714 2200 2240 361 907 1583 591 445 816 1950 1326 1044 14 783 -1
1533 1165 1358 2221 30 2103 13 24 1418 1394 2355 579 1281 53 1339 139 2362 2263 958 -1