11 1
2108 925 1765 502 1220 1617 1115 901 12 1975 2437 -1
1513 2184 122 1562 12 2020 1464 1758 620 1311 1789 -1
242 367 1639 12 2022 361 1888 1994 1555 1771 1550 -1
490 947 18 425 620 2201 12 1640 2429 2232 436 -1
382 1136 728 1148 1183 2327 1792 12 583 1772 2458 -1
12 963 2240 413 1911 776 2072 2386 1502 1747 2307 -1
1477 471 289 865 1818 1392 2126 12 2283 1358 1927 -1
1551 521 12 65 422 2427 449 865 801 69 12 -1
1709 1220 400 806 1071 12 645 1274 1854 2204 749 -1
1548 2248 2438 2305 1719 2024 335 12 563 1550 1284 -1
869 81 2060 620 12 1211 199 871 1187 1553 1079 -1