15 1
373 436 2119 623 1895 1187 962 2469 119 791 1556 1186 1904 -1
1389 638 2397 1566 1880 1422 289 1440 2038 1589 1626 64 154 -1
2419 1376 216 61 1323 2115 1515 209 1756 1081 1201 49 51 -1
357 1187 21 2226 437 1135 2360 1529 1930 1907 2290 46 835 -1
2381 1580 2395 927 258 1338 1255 1062 34 1891 515 2172 418 -1
30 2174 852 1543 1195 897 1490 698 739 1507 1468 1857 2073 -1
1526 599 2317 946 1761 297 316 2444 761 1830 367 558 1190 -1
2329 1848 1071 1354 1032 399 1009 1948 666 475 171 1811 721 -1
1295 1633 1067 335 2413 1471 1307 2368 2306 1576 1446 186 1896 -1
1653 1523 654 697 1181 1551 676 172 1396 483 1842 2326 717 -1
794 2429 1902 1575 961 843 775 1174 1706 296 632 1313 892 -1
949 2199 1538 2000 2160 46 1681 1774 1668 1758 1052 880 655 -1
1951 1117 1184 1286 2356 2057 2235 1313 2416 2021 1948 668 1756 -1
193 499 377 200 1236 651 2227 842 1689 1515 1588 2008 1126 -1
2379 148 940 187 459 1970 173 417 1478 1443 1570 793 1668 -1