11 0
1503 1006 439 1776 1223 1702 1727 656 2180 1551 1183 2148 2007 1540 1649 -1
662 2283 1129 2396 2012 1428 1427 1087 642 1194 1517 1695 1678 529 1585 -1
1165 312 493 528 50 404 827 2323 1239 1757 2382 2003 625 1045 1401 -1
1878 554 295 1955 827 1047 1017 211 524 2462 1971 492 754 2428 2460 -1
196 2488 609 549 915 363 452 825 598 362 1350 1267 1543 2078 1181 -1
400 49 1012 1229 1477 2218 1069 491 1467 2433 1283 1855 2459 1529 2449 -1
2219 1897 807 1548 1334 2045 608 2083 274 490 1425 2312 946 2247 2301 -1
973 853 2096 2234 2241 1888 1333 2062 1919 2388 1602 633 246 947 1507 -1
2443 902 2349 2299 1554 2351 716 2324 70 1918 1951 295 1215 2284 71 -1
986 793 937 560 1341 254 1934 1960 1017 1083 860 996 2063 411 1777 -1
10 706 1913 2484 589 1271 942 1951 2261 338 1313 2246 722 510 1170 -1