16 1
2161 38 374 515 293 861 1321 2420 2220 2473 285 1659 1201 1587 90 -1
2169 2240 1515 1662 1101 1414 1649 72 704 1514 556 864 2044 620 421 -1
1331 1994 578 2312 1290 129 790 2002 1465 449 1348 889 435 1405 890 -1
1474 400 2048 1396 2429 2019 746 2218 2040 481 756 2116 1527 673 2207 -1
759 1113 2402 2420 1217 2369 182 1373 330 938 1914 682 1141 574 610 -1
944 870 1407 2015 1012 751 344 222 1386 85 988 1963 1222 2143 1000 -1
942 1693 2088 2346 2482 410 251 2126 763 370 2128 1473 914 414 269 -1
264 2470 1355 2097 954 203 511 593 1569 2065 865 2263 1981 1222 875 -1
2288 1489 458 1395 333 2414 692 439 1600 1610 1383 1902 1199 1469 1288 -1
1529 2496 438 1263 2085 1116 1221 357 365 1321 2175 1337 2255 1690 742 -1
207 2110 1877 2313 2183 2182 606 298 1327 912 1481 2407 1946 1395 1356 -1
1846 999 741 1553 1037 1947 657 1 2169 2068 290 1909 92 2309 1427 -1
332 2376 956 178 2181 2138 595 1997 1492 756 2116 111 1137 264 1250 -1
1138 2008 2479 755 2158 1061 1223 489 1764 2458 910 681 768 1713 1607 -1
838 1135 1147 498 360 1448 564 1451 477 1544 1834 222 1097 1815 1959 -1
185 316 1175 831 422 2423 2039 1633 1545 2440 1011 265 910 2034 2112 -1