16 0
2067 1535 143 2013 611 978 2447 1518 2085 1255 1340 1036 2075 1055 -1
642 266 1098 1035 1043 1410 526 2139 112 2229 361 1487 2255 2430 -1
414 992 1762 1953 1224 1096 308 2118 2438 1132 607 147 743 2140 -1
2148 1651 2392 329 1249 2126 952 1590 1315 2362 1630 1397 160 1738 -1
533 914 1814 661 2218 331 1192 963 2032 2344 647 123 1421 632 -1
2380 792 1332 782 2215 1784 673 2 1435 1296 763 47 1003 148 -1
1171 2171 1337 378 334 1870 573 1716 219 1423 1506 1544 1501 116 -1
1096 420 2453 114 1444 755 754 1544 108 224 322 1499 1527 96 -1
1771 153 986 2247 1621 963 477 667 2285 2277 1458 912 1812 1701 -1
2140 1825 1123 2246 2245 2482 1009 1595 1962 1022 1713 907 340 2288 -1
1234 2328 2216 2325 1341 2246 1610 1040 2218 181 1404 95 2180 31 -1
2131 1676 750 2472 2101 605 2251 1862 1507 1904 2264 2441 817 299 -1
1301 94 927 648 712 1815 1932 1252 1471 486 1834 1419 2386 1711 -1
2034 309 1154 133 895 578 2350 704 1649 896 2013 1590 1623 777 -1
2051 2267 1047 85 1781 673 1727 1961 872 2062 2369 1658 1223 597 -1
260 427 347 1220 1895 1636 2149 880 2245 1687 111 186 715 943 -1