13 0
1284 1995 1986 1008 1032 1671 2452 1634 446 212 2470 -1
892 1320 1559 1116 136 2137 1892 1027 2488 2074 2010 -1
1849 688 1471 1794 2447 1366 1552 573 1106 73 649 -1
488 2402 1739 640 2406 249 123 236 1478 2376 175 -1
194 2331 768 1208 390 2285 564 2170 262 213 716 -1
2037 2313 2231 1852 1966 226 1883 2285 2129 1123 969 -1
2007 413 1680 1802 1387 2155 397 1039 2330 2497 1300 -1
735 1149 474 1154 165 1078 1394 1814 885 1388 2474 -1
123 1961 1727 1830 52 259 47 607 1730 902 1127 -1
1274 977 72 2287 849 2110 1163 1869 573 1248 1265 -1
1633 1777 1049 1387 1346 1411 2068 276 848 1646 498 -1
589 269 1289 476 1154 771 1473 1863 2413 939 153 -1
1729 100 588 2411 1366 732 1397 157 1482 1856 849 -1